initial_roc_auc: 0.846776754525246
best_roc_auc: 0.9885677993013655
